0 0.829710 0.732932 0.340580 0.267068
0 0.770531 0.471888 0.347826 0.271084
0 0.575483 0.213353 0.300725 0.260040
0 0.256039 0.089859 0.217391 0.155622
0 0.378623 0.149598 0.138889 0.112450
0 0.219807 0.613454 0.229469 0.228916
0 0.458937 0.477410 0.299517 0.266064
0 0.208333 0.309739 0.305556 0.368474
0 0.803744 0.079819 0.225845 0.155622
0 0.620773 0.645582 0.246377 0.220884
0 0.966184 0.502510 0.067633 0.135542
0 0.931159 0.343876 0.137681 0.205823
0 0.916667 0.114960 0.157005 0.225904
0 0.384662 0.271084 0.102657 0.124498
0 0.094807 0.054719 0.187198 0.107430
