1 0.439506 0.459444 0.602469 0.247778
1 0.428395 0.243889 0.624691 0.170000
0 0.216667 0.479722 0.149383 0.082778
0 0.420988 0.563056 0.123457 0.083889
0 0.527160 0.605833 0.074074 0.086111
0 0.607407 0.593056 0.108642 0.057222
0 0.661728 0.657222 0.195062 0.084444
0 0.779630 0.723611 0.191358 0.106111
0 0.856173 0.610278 0.119753 0.060556
0 0.769136 0.529167 0.123457 0.057222
0 0.725309 0.408889 0.112346 0.052222
0 0.626543 0.354167 0.100000 0.050556
0 0.540741 0.355000 0.175309 0.082222
0 0.383333 0.335000 0.146914 0.055556
0 0.220370 0.319444 0.179012 0.065556
0 0.085802 0.374167 0.141975 0.060556
0 0.056173 0.277778 0.097531 0.055556
0 0.300617 0.251389 0.228395 0.067222
0 0.548148 0.215278 0.079012 0.028333
