0 0.266154 0.653462 0.169231 0.108462
0 0.704615 0.241923 0.086154 0.068462
0 0.808205 0.277308 0.106667 0.068462
0 0.943590 0.275385 0.077949 0.052308
0 0.821538 0.442692 0.129231 0.071538
0 0.605641 0.368077 0.085128 0.050000
0 0.425128 0.388462 0.085128 0.060000
0 0.565128 0.241923 0.057436 0.048462
0 0.635385 0.177692 0.060513 0.043077
0 0.275385 0.422692 0.081026 0.034615
0 0.214872 0.489615 0.066667 0.048462
0 0.255385 0.454615 0.088205 0.041538
0 0.111795 0.476154 0.096410 0.052308
0 0.574359 0.616923 0.075897 0.058462
0 0.414872 0.732308 0.140513 0.075385
0 0.604615 0.513462 0.117949 0.066923
0 0.463077 0.496923 0.195897 0.170769
0 0.781538 0.503077 0.164103 0.098462
0 0.858462 0.363462 0.180513 0.086923
0 0.459487 0.303846 0.118974 0.061538
0 0.483077 0.222692 0.125128 0.073077
0 0.266154 0.373077 0.062564 0.036923
0 0.437949 0.158462 0.080000 0.052308
0 0.621026 0.115000 0.097436 0.045385
0 0.177436 0.886923 0.201026 0.170769
0 0.147179 0.719231 0.132308 0.116923
