0 0.293333 0.811538 0.213333 0.193846
0 0.476923 0.857308 0.149744 0.085385
0 0.190769 0.655769 0.151795 0.110000
0 0.068205 0.763846 0.120000 0.121538
0 0.064615 0.651923 0.100513 0.102308
0 0.143077 0.568846 0.064615 0.046923
0 0.207179 0.580769 0.104615 0.060000
0 0.289744 0.601538 0.060513 0.052308
0 0.043590 0.580385 0.070769 0.046923
0 0.117436 0.531538 0.085128 0.092308
0 0.201026 0.460000 0.082051 0.056923
0 0.318462 0.481154 0.140513 0.062308
0 0.335897 0.533077 0.142564 0.095385
0 0.443590 0.510385 0.091282 0.086923
0 0.413846 0.590000 0.089231 0.095385
2 0.913333 0.445769 0.070769 0.068462
