0 0.405385 0.727692 0.070769 0.115897
0 0.307308 0.621538 0.054615 0.067692
0 0.550769 0.656923 0.096923 0.093333
0 0.517692 0.562051 0.092308 0.123077
0 0.583077 0.572308 0.063077 0.065641
0 0.595385 0.483590 0.060000 0.066667
0 0.670385 0.436923 0.053077 0.059487
0 0.714615 0.539487 0.093846 0.137436
0 0.768462 0.441026 0.061538 0.100513
0 0.395385 0.418462 0.076923 0.082051
0 0.591923 0.330769 0.039231 0.052308
0 0.634615 0.346667 0.032308 0.065641
0 0.421538 0.373846 0.109231 0.093333
1 0.431923 0.264615 0.188462 0.098462
1 0.548077 0.402564 0.133077 0.109744
1 0.370385 0.579487 0.283846 0.352821
