0 0.857436 0.914231 0.276923 0.171538
0 0.600000 0.936538 0.301538 0.126923
0 0.225128 0.722692 0.376410 0.311538
0 0.944103 0.473846 0.111795 0.096923
0 0.615385 0.676154 0.506667 0.250769
0 0.051282 0.580769 0.100513 0.110769
0 0.223077 0.431923 0.228718 0.090000
0 0.507179 0.440769 0.222564 0.152308
0 0.382564 0.376538 0.178462 0.103846
0 0.684615 0.472692 0.181538 0.139231
0 0.910769 0.378846 0.151795 0.068462
0 0.568718 0.354231 0.261538 0.108462
0 0.063590 0.226154 0.125128 0.070769
0 0.551282 0.108077 0.140513 0.071538
0 0.690256 0.224615 0.160000 0.043077
0 0.669231 0.308077 0.212308 0.117692
0 0.384615 0.226154 0.170256 0.107692
0 0.383590 0.052308 0.059487 0.016923
0 0.369231 0.073077 0.071795 0.035385
0 0.287692 0.081538 0.095385 0.044615
0 0.338974 0.128077 0.105641 0.068462
0 0.154359 0.059615 0.064615 0.062308
1 0.110256 0.097308 0.214359 0.157692
0 0.136923 0.144231 0.115897 0.073077
0 0.048205 0.155769 0.080000 0.043846
0 0.244615 0.289615 0.165128 0.053077
0 0.112821 0.309615 0.106667 0.086923
0 0.204103 0.352308 0.258462 0.072308
0 0.576410 0.175000 0.147692 0.071538
0 0.491795 0.277308 0.142564 0.091538
0 0.210769 0.240385 0.165128 0.105385
