0 0.249615 0.732479 0.070000 0.220513
1 0.169615 0.569231 0.319231 0.266667
0 0.309615 0.517949 0.039231 0.078632
0 0.438462 0.522222 0.047692 0.111111
0 0.533846 0.345299 0.032308 0.061538
1 0.447308 0.149573 0.119231 0.162393
1 0.631154 0.282906 0.237692 0.217094
1 0.698462 0.595726 0.341538 0.394872
0 0.573077 0.844444 0.135385 0.201709
0 0.507308 0.904274 0.146923 0.191453
0 0.936154 0.704274 0.123077 0.177778
0 0.408846 0.652991 0.042308 0.082051
0 0.491923 0.548718 0.054615 0.064957
2 0.405385 0.296581 0.124615 0.083761
1 0.355000 0.829915 0.283846 0.329915
