0 0.161538 0.876923 0.170769 0.235897
0 0.294231 0.761538 0.210000 0.398291
0 0.450385 0.849573 0.160769 0.300855
0 0.314231 0.486325 0.116154 0.251282
0 0.387308 0.588889 0.082308 0.158974
0 0.383462 0.315385 0.162308 0.319658
0 0.455000 0.470940 0.083846 0.152137
0 0.468462 0.271795 0.063077 0.140171
0 0.478846 0.123077 0.066923 0.133333
0 0.532692 0.259829 0.085385 0.147009
0 0.816538 0.432479 0.116154 0.181197
0 0.559231 0.504274 0.118462 0.235897
0 0.556538 0.758974 0.099231 0.273504
0 0.616538 0.913675 0.171538 0.148718
0 0.744615 0.943590 0.103077 0.088889
0 0.723077 0.629060 0.121538 0.239316
0 0.634231 0.725641 0.066923 0.158974
0 0.682308 0.471795 0.070769 0.102564
0 0.652308 0.151282 0.058462 0.182906
0 0.590000 0.146154 0.080000 0.179487
1 0.683846 0.379487 0.233846 0.396581
